AAAP 27.66 17.01 36.71 15.13 24.07 16.21 43 21.07 0 0 29.22 15.13 6.66 1.77 27.34 0 23.18 6.26 36.16 13.3 23.18 2.25 0 14.85 58.39 44.62 44.21 14 49.3 46.87 63.4 57.71 48.78 32.58 61.63 42.29 45.97 47.51 61.41 42.01 19.33 33.55 37.71 30.98 21.25 16.85 38.37 12.59 36.36 20.22 38.37 20.23 19.33 29.37 39.58 32.25 61.08 48.64 33.19 12.73 64.15 64.69 63.18 42.15 85.02 79.61 76.52 59.26 87.45 81.06 86.44 82.6 94.62 90.05 95.7 86.99 100 96.79 100 100 96.8 100 97.35 97.03
AAL 28.17 0 18.69 0 31.83 25.73 56.78 47.28 0 3.18 9.35 39.44 44.95 21.75 34.11 22.33 56.56 50.4 76.64 53.52 26.02 20.69 52.34 52.52 53.76 31.56 61.21 37.22 53.33 46.42 78.74 62.98 30.32 27.32 42.52 55.53 21.72 23.34 0 40.85 44.52 21.49 46.96 36.82 32.69 24.4 50.7 34.81 57.85 48.01 62.15 70.82 100 100 80.84 61.77 78.06 89.92 100 100 65.38 59.15 86.45 81.49 73.55 63.4 94.86 67.2 74.19 67.64 81.31 68.81 54.41 72.41 88.79 84.51 78.71 66.84 87.62 70.22 81.08 63.13 95.79 78.07
AAME 42.53 30.99 79.71 61.54 43.68 30.99 76.81 61.54 42.53 30.99 70.29 47.25 25.29 26.76 67.39 57.14 31.03 15.49 46.38 37.36 40.23 26.76 45.65 36.26 43.68 30.99 68.12 43.96 11.49 0 50.72 38.46 0 4.23 44.2 31.87 50.57 56.34 0 0 63.22 54.93 88.41 74.73 49.43 38.03 58.7 57.14 28.74 28.17 71.01 53.85 40.23 26.76 72.46 50.55 5.75 16.9 56.52 38.46 43.68 30.99 63.04 36.26 57.47 52.11 77.54 58.24 62.07 53.52 73.91 71.43 66.67 59.15 91.3 84.62 78.16 85.92 85.51 70.33 100 100 100 100
AAOI 71.46 71.05 79.35 76.06 76.91 75.72 84.21 90.02 84.75 90.2 91.7 100 89.98 98.89 92.91 97.51 67.54 84.19 79.05 97.76 24.4 62.36 41.19 69.33 31.37 36.53 36.44 23.69 19.17 37.26 35.22 38.15 1.31 9.8 17.81 14.21 0 0 0 0 26.8 26.95 16.4 6.23 27.67 27.17 32.39 26.43 36.6 42.76 46.15 44.89 58.39 56.79 49.8 40.15 55.77 55.46 60.12 64.09 55.77 55.9 61.13 58.6 66.45 68.6 67 60.6 67.76 76.17 72.47 73.07 72.55 77.95 88.02 92.02 85.62 83.52 86.23 92.77 100 100 100 98
AAON 48.02 45.25 57.38 52.26 59.89 51.8 63.28 63.91 35.03 54.43 47.87 76.69 39.27 26.23 40 35.71 42.37 32.46 40.98 35.71 33.05 35.41 45.57 53.76 35.31 33.11 40 31.2 34.75 34.75 30.82 48.5 18.36 15.08 24.26 17.29 0 10.49 0 16.54 21.47 4.59 7.21 0 3.11 0 2.95 12.78 20.62 11.15 22.62 18.42 36.16 23.93 26.23 18.42 40.4 34.43 33.77 39.47 37.29 27.87 36.72 43.98 55.65 47.87 47.21 38.72 55.93 51.15 66.56 64.66 72.88 68.85 83.28 82.71 85.31 79.34 92.79 98.12 100 100 100 100
AAPC 52.63 47.37 60 47.37 52.63 47.37 60 47.37 31.58 47.37 42.22 47.37 97.37 92.11 97.78 92.11 34.21 92.11 44.44 92.11 32.63 28.95 42.22 28.95 31.58 26.32 42.22 26.32 31.58 26.32 42.22 26.32 31.58 26.32 42.22 26.32 31.58 26.32 42.22 26.32 34.21 28.95 37.78 26.32 46.84 47.37 42.22 26.32 31.58 94.74 42.22 26.32 5.26 0 20 0 3.68 2.63 18.67 0 100 100 100 100 0 44.74 0 44.74 23.95 18.68 35.78 18.68 23.95 18.68 35.78 18.68 23.95 18.68 35.78 18.68 26.32 52.63 35.56 18.68
AAPL 13.63 13.42 18.86 8.89 22.41 19.33 30.04 25.23 8.36 24.89 19.56 32.86 0 0 0 5.62 18.81 18.62 9.48 0 51.34 56.13 56.69 55.07 64.63 61.87 68.06 50.46 40.47 61.25 59.68 67.06 27.34 29.66 25.45 24.14 10.95 32.39 10.28 28.25 38.63 36.45 31.04 27.16 20.15 28.16 29.64 31.1 34.87 52.6 33.43 51.13 54.6 58.87 49 33.28 56.52 54.46 64.37 54.82 43.31 40.07 49.4 42.83 39.8 40.51 43.61 29.67 40.89 49.51 40.32 25.4 56.61 69.29 74.65 61.02 100 100 100 77.87 73.75 95.76 95.91 100
AAVL 0 0 0 0 20.79 19.01 8.47 10.16 18.46 24.79 25.42 29.74 30.14 31.29 26.19 25.72 33.41 33.21 37.3 37.26 31.54 31.29 32.01 42.28 30.61 33.45 40.74 39.27 31.07 33.94 37.57 40.28 27.34 28.64 30.95 35.76 12.38 25.99 17.46 34.25 26.4 26.96 20.9 23.46 17.29 21.18 25.93 31.49 24.77 23.83 25.66 29.74 30.84 28.5 32.54 30.24 40.19 43.32 34.66 38.02 53.04 50.78 45.11 46.05 59.58 63.06 64.02 61.86 62.85 72.32 66.4 67.63 83.88 82.55 81.22 78.67 86.45 90.25 98.41 100 100 100 100 97.24
AAWW 36.85 30.83 37.52 33.43 43.52 38.2 44.91 41.02 23.36 40.25 36.59 49.05 27.9 23.19 19.42 16.93 35.11 30.56 31.57 19.27 21.76 31.79 28.4 36.5 38.99 42.43 30.91 14.6 52.2 45.84 45.18 39.42 40.19 49.25 51.25 42.77 18.02 38.34 24.7 41.46 18.56 29.88 24.44 22.63 0 0 0 0 7.74 8.05 9.38 10.37 20.56 11.19 12.55 2.19 16.15 9.82 15.72 14.45 33.64 22.78 16.91 5.4 40.32 48.16 42.14 26.86 71.16 100 50.46 37.23 89.32 88.27 92.6 83.36 98.4 99.18 100 94.01 100 93.32 99.6 100
AAXJ 35.51 27.88 31.47 21.06 43.95 41.93 48.6 45.81 44.91 49.69 52.8 55.01 34.36 29.56 34.62 26.79 28.21 27.46 28.67 19.43 23.42 24.32 33.57 28.83 32.05 24.53 31.29 19.02 33.01 26.21 37.24 31.7 3.26 8.6 11.54 5.32 0 0 0 0 35.12 28.09 31.29 24.95 13.63 5.24 12.06 6.34 37.24 41.3 39.16 44.79 53.55 49.06 42.48 33.33 49.52 45.49 48.95 44.99 47.79 43.4 45.45 42.54 60.08 53.46 51.4 41.92 54.51 63.73 59.09 50.31 80.23 80.71 81.64 79.35 100 100 100 100 98.27 95.81 93.71 97.95
