ABIO 27.42 19.17 33.33 8.53 19.35 16.67 38.99 24.03 22.58 16.67 42.14 23.26 29.03 13.33 40.88 16.28 26.61 17.5 43.4 28.68 37.9 31.67 48.43 37.98 20.16 20.83 40.88 37.21 34.68 19.17 49.06 27.13 35.48 37.5 53.46 37.21 24.19 20.83 30.82 26.36 10.48 12.5 37.11 27.91 8.06 4.17 11.95 5.43 0 0 22.64 9.3 24.19 14.17 0 0 79.84 65.83 33.33 22.48 80.65 75.83 79.25 66.67 83.87 70 85.53 74.42 83.06 75 84.91 72.09 100 100 94.34 86.05 93.55 98.33 100 100 87.9 84.17 91.19 89.15
ABMD 38.49 18.33 62.07 36.04 28.7 31.09 38.47 49.07 0 21.85 29.33 47.34 24.21 11 14.05 0 60.45 45.45 52.25 21.01 100 91.35 92.63 64.49 62.17 94.72 100 100 30.03 40.47 60.57 65.29 19.31 0 30.97 15.56 36.9 11.58 0 18.62 87.83 72.73 69.44 59.57 42.33 56.01 73.12 75 54.76 64.66 54.84 81.25 92.59 98.39 86.36 53.72 74.07 100 96.73 87.1 41.93 36.07 52.25 42.95 9.26 25.07 47.34 37.37 23.15 12.9 37.24 1.99 27.12 45.89 62.21 46.94 42.86 48.39 62.07 42.95 90.48 79.47 76.13 46.14
ABTL 26.77 13.03 5.25 0 30.4 22.61 40.86 40.95 22.97 22.41 37.74 43.21 27.63 16.48 35.02 28.4 30.05 16.67 36.19 31.28 29.88 19.73 35.6 43.42 22.45 20.88 35.6 36.42 20.21 9.96 24.51 33.95 15.37 11.3 24.12 19.34 0 0 0 19.75 21.07 10.54 19.07 15.23 28.67 14.18 17.7 27.37 38 25.1 34.44 46.09 41.97 33.52 50.19 46.71 33.51 30.08 49.61 50.21 40.93 30.46 37.16 39.92 45.94 43.87 56.42 52.06 55.96 45.59 55.06 54.73 62.52 59.77 77.43 78.81 80.83 72.22 81.32 87.86 100 100 100 100
ABTX 48.13 39.47 45.69 30.33 37.73 43.65 48.05 45.12 26.21 24.3 31.58 27.07 16.37 14.09 26.8 3.11 11.51 0 22.2 0.89 0 2.79 20.43 6.21 22.33 10.68 20.78 0 30.24 21.05 0 15.24 40.25 34.67 44.16 23.22 45.21 39.94 56.2 38.76 66.3 59.75 59.62 43.49 58.95 62.38 68 59.47 66.44 72.6 73.2 60.65 71.84 65.94 73.32 62.72 84.33 80.03 79.46 67.46 85.85 84.52 87.13 81.07 88.63 84.67 87.96 81.95 88.77 85.29 92.92 84.02 100 98.76 100 93.05 90.85 100 95.04 100 97.3 97.37 94.92 90.09
ABUS 0 0 2.72 0 3.42 4.05 0 3.47 10.27 13.51 9.52 4.17 24.66 15.54 14.29 11.81 33.56 33.11 27.89 24.31 41.1 31.76 32.65 34.72 32.88 43.92 34.69 38.89 34.25 37.16 39.46 35.42 30.14 38.51 31.29 30.56 20.55 23.65 16.33 29.86 47.95 45.95 28.57 27.78 42.47 37.84 42.86 43.06 41.1 46.62 40.82 50.69 49.32 51.35 42.18 44.44 52.74 54.73 52.38 50.69 65.75 56.08 48.3 52.78 71.92 74.32 68.03 65.28 71.92 69.59 70.07 70.83 93.15 83.11 86.39 84.72 100 100 100 99.31 88.36 93.92 93.88 100
ABY 20.49 12.93 27.47 0 13.93 21.55 52.75 49.45 59.02 70.69 0 38.38 51.23 48.06 78.02 69.74 43.03 34.48 69.23 56.83 45.9 48.71 78.85 60.89 61.48 68.1 73.9 60.89 50 60.78 76.37 87.08 29.92 85.34 63.19 52.03 0 17.67 40.11 49.45 13.11 12.46 47.66 32.1 11.07 0 34.34 26.2 37.7 32.76 59.89 50.92 52.05 44.83 68.96 49.82 50 49.57 73.63 61.99 55.74 42.67 72.8 61.25 45.08 49.57 70.88 64.21 49.59 45.69 78.57 58.67 70.9 68.53 86.81 76.75 92.21 80.6 85.16 90.77 100 100 100 100
ACAD 0.28 0 0 0 7.54 7.77 8.13 11.68 0 6.33 2.05 10.59 13.83 12.1 6.94 9.5 22.41 25.03 18.72 18.68 26.76 28.13 24.01 30.04 25.8 31.64 34.26 32.86 25.73 30.4 33.47 35.17 23.79 27.44 24.01 23.23 12.72 25.31 12.57 30.42 28.42 29.64 20.97 23.23 17.29 22.01 23.21 30.42 19.78 27.92 10.05 31.45 48.76 46.56 25.4 26.25 49.24 54.06 44.91 51.35 55.88 55.98 47.62 51.8 59.61 59.63 60.05 57.77 55.12 57.57 56.94 62.2 83.82 81.43 63.62 65.47 98.96 97.32 99.47 98.97 100 100 100 100
ACAS 66.42 43.03 66.9 53.41 61.19 49.7 77.93 81.82 55.22 39.39 62.07 70.45 73.88 49.7 58.62 48.86 68.66 53.33 77.93 65.91 56.72 40.61 69.66 75 58.96 31.52 34.48 40.91 63.43 41.82 77.24 62.5 38.06 39.39 54.48 45.45 38.81 18.79 18.62 14.77 30.6 27.27 49.66 43.18 0 0 0 0 32.84 12.12 30.34 1.14 68.66 42.42 21.38 12.5 79.1 49.09 71.03 69.32 89.55 66.06 78.62 75 100 100 100 97.73 71.64 53.94 80 64.77 68.66 54.55 80 96.59 91.79 57.58 85.52 93.18 55.22 52.12 64.14 100
ACAT 38.44 27.32 38.88 38.55 40.08 28.07 38.59 34.27 20.25 18.03 20.09 31.3 0 2.04 0 9.88 29.55 0 19.51 0 38.58 15.61 31.99 14 42.13 23.05 45.48 28.67 52.94 35.13 47.06 31.63 39.12 29.55 43.62 40.03 37.07 14.13 36.73 25.7 52.39 35.32 43.04 28.17 43.5 26.95 41.18 38.71 37.62 33.46 40.17 38.55 42.54 26.21 43.04 24.71 45.55 28.44 44.48 29.98 62.11 47.58 42.32 33.11 80.85 86.62 76.33 64.74 79.34 75.65 86.08 75.12 90.56 88.66 88.95 80.23 100 100 97.7 89.95 96.17 96.84 100 100
ACBI 0 0 26.73 0 2.42 4.91 23.27 7.36 10.3 7.98 35.64 7.98 14.55 12.27 35.64 8.59 5.45 9.82 36.14 11.04 15.15 12.88 25.25 11.04 13.33 22.7 20.79 9.2 26.67 24.54 45.54 17.18 11.52 21.47 39.6 19.63 8.48 21.47 0 14.72 28.48 26.38 19.55 18.4 17.58 32.52 46.53 33.13 33.94 32.52 50.5 34.97 46.06 44.17 51.49 25.77 49.7 50.92 62.87 48.47 55.76 53.99 34.16 46.63 75.15 73.62 78.22 57.67 64.85 72.39 85.15 73.01 62.42 74.85 82.67 77.91 96.36 96.93 88.12 76.69 100 100 100 100
