ABAC 18.18 0 18.18 12.9 18.18 3.03 3.03 12.9 18.18 0 6.06 0 21.21 3.03 21.21 16.13 21.21 3.03 21.21 16.13 12.12 6.06 12.12 16.13 0 6.06 0 19.35 21.21 3.03 3.03 9.68 18.18 15.15 18.18 29.03 36.36 21.21 15.15 9.68 57.58 39.39 36.36 48.39 60.61 57.58 27.27 54.84 45.45 57.58 45.45 74.19 87.88 69.7 87.88 87.1 100 84.85 100 100 96.97 100 96.97 96.77 90.91 72.73 87.88 90.32 45.45 63.64 45.45 80.65 90.91 72.73 48.48 45.16 75.76 63.64 54.55 77.42 96.97 78.79 78.79 83.87
ABAX 32.04 0 30.63 0 35.46 6.89 30.26 2.94 0 9.66 0 3.53 84.78 71.29 74.13 61.4 85.84 74.69 80.6 69.89 85.43 79.07 81.21 78.47 92.15 85.51 86.76 74.52 90.15 86.49 88.1 88.23 92.33 86.14 86.03 78.13 78.58 86.85 75.59 85.62 84.19 74.06 81.88 72.25 66.43 62.43 62.84 66.44 72.63 62.34 68.03 61.56 84.31 73.26 72.3 55.42 78.53 70.13 79.5 73.59 83.48 73.88 73.22 63.92 90.56 89.89 83.95 70.73 95.93 95.53 92.19 83.68 98.76 99.64 99.88 99.92 98.7 100 100 100 100 98.3 93.59 94.62
ABCB 24.05 18.81 27.2 26.39 31.96 23.55 27.2 31.43 21.11 25.69 22.06 36.97 18.62 15.6 20.9 20.67 7.48 9.33 6.8 14.45 0 0 0 8.24 11 5.35 2.82 0 24.63 36.39 2.99 14.79 38.86 32.72 39.8 41.85 37.68 36.7 36.15 42.86 49.85 44.95 45.94 47.73 41.79 38.53 41.63 49.75 58.21 53.36 59.7 58.32 65.54 58.26 62.02 62.02 72.29 70.49 68.33 72.27 69.79 68.2 74.13 75.13 75.66 72.32 76.95 75.63 74.63 74.92 81.76 80.84 81.09 78.9 92.21 90.92 87.83 86.39 93.37 100 100 100 100 97.82
ABCD 40.79 40.96 49.47 23.53 40.79 40.96 51.58 40 31.58 37.35 47.37 36.47 39.47 31.33 46.32 22.35 60.53 53.01 50.53 27.06 46.05 51.81 55.79 50.59 53.95 54.22 56.84 35.29 18.42 45.78 20 45.88 0 25.3 11.58 12.94 5.26 0 0 0 42.11 37.35 23.16 10.59 32.89 33.73 34.74 29.41 51.32 46.99 57.89 41.18 64.47 57.83 55.79 41.18 60.53 66.27 62.11 57.65 68.42 56.63 64.21 50.59 84.21 71.08 78.95 58.82 90.79 96.39 89.47 69.41 100 100 100 84.71 90.79 98.8 96.84 100 94.74 86.75 88.42 75.29
ABCO 33.33 27.63 38.58 48.25 42.31 31.36 51 55.71 11.57 30.92 25.28 58.97 14.34 1.75 22.39 13.05 0 0 9.09 12.12 25.56 0.44 9.53 0 22.11 11.84 28.38 29.84 20.9 17.76 37.25 30.3 35.92 13.6 27.05 16.55 8.12 17.32 9.31 37.06 25.73 8.99 25.28 22.84 27.81 14.91 0 21.21 43.7 85.31 58.76 60.61 60.28 85.09 52.33 53.38 53.54 60.96 77.16 77.16 43.35 35.96 57.43 62.47 57.86 55.92 62.08 49.88 53.2 59.43 76.5 73.19 62.35 64.04 86.03 86.48 74.44 75.88 100 100 100 100 97.12 93.24
ABCW 25.84 15.38 22.6 29.56 30.9 29.49 24.77 49.06 18.54 30.77 31.27 53.14 10.96 10.26 16.41 27.99 0 12.56 2.17 9.43 6.32 0.26 14.24 11.32 8.71 0 0 0 18.26 7.69 19.81 17.92 15.45 14.87 15.79 15.72 12.64 8.21 5.26 24.84 44.94 32.05 33.75 41.82 19.94 33.08 34.06 45.28 62.92 50 63.78 61.95 62.64 67.95 68.11 68.55 100 100 100 100 61.52 52.82 46.13 48.74 64.89 53.59 59.75 57.86 60.67 62.31 66.87 67.61 52.25 60.26 69.66 85.85 52.25 60 66.25 88.68 61.24 46.92 46.13 63.21
ABDC 52.26 55.74 61.28 55.87 64.46 55.32 57.52 55.87 56.1 56.64 65.41 58.3 60.98 66.38 56.02 50.2 57.84 59.4 54.14 52.23 45.3 64.68 53.76 55.87 65.16 51.91 52.63 40.89 31.71 59.15 22.93 63.97 0 9.36 4.89 17.41 22.65 0 0 0 44.95 31.06 29.7 17 43.9 30.21 43.98 34.41 49.48 45.96 54.14 46.56 72.82 59.57 54.51 44.94 88.5 80.43 82.71 70.45 100 94.89 92.11 86.23 91.99 100 92.48 98.79 99.65 92.55 100 95.14 81.53 94.04 89.85 100 80.14 73.4 81.2 83.4 93.38 84.68 85.71 81.38
ABEO 0 5.5 0 0 14.85 0 10 15.25 0.99 3.67 12 24.58 9.9 5.5 11 11.86 22.77 9.17 17 15.25 34.65 16.51 24 27.97 40.59 32.11 39 33.9 48.51 41.28 46 44.07 40.59 37.61 48 44.92 28.71 30.28 25 44.07 54.46 34.86 42 43.22 43.56 27.52 22 39.83 21.78 50.46 34 53.39 25.74 10.09 10 15.25 40.59 33.03 27 30.51 58.42 67.89 37 40.68 58.42 45.87 61 50.85 74.26 57.8 62 51.69 100 81.65 93 77.12 94.06 100 100 100 86.14 81.65 95 93.22
ABGB 24.21 17.74 10.5 13.81 26.65 19.35 21.24 21.43 21.03 23.96 29.59 23.81 26.65 19.35 28.4 16.67 16.87 26.27 21.48 28.57 55.99 47 21.96 21.43 48.66 67.74 47.49 45 9.78 7.83 9.79 2.38 0 0 0 0 14.43 7.83 11.22 0 41.32 33.18 37.95 33.33 58.44 58.53 61.81 69.05 75.55 93.09 76.13 69.05 92.67 100 85.68 78.57 100 88.48 100 88.1 90.22 86.18 92.84 97.62 58.44 76.96 71.36 85.71 87.78 76.96 66.59 57.14 69.19 90.78 80.91 88.1 87.78 90.78 76.13 69.05 87.78 88.48 68.97 100
ABIL 0 0 0 0 26.58 23.55 14.98 17.48 45.89 43.23 47.39 47.9 63.32 63.23 49.83 47.25 69.3 67.74 79.79 76.7 57.91 58.06 68.47 68.93 57.59 55.16 63.41 64.08 57.91 55.48 68.64 65.37 54.11 58.52 67.25 65.7 59.81 57.42 59.58 62.46 63.29 62.9 73.17 67.96 63.29 62.9 67.25 73.14 66.77 67.74 79.97 76.7 75.95 73.87 74.91 71.52 76.58 76.13 86.06 83.5 79.43 79.03 89.2 83.17 79.43 77.42 86.76 82.85 79.11 77.1 84.67 81.88 89.24 87.42 89.9 85.11 100 100 100 97.09 79.4 98.06 94.43 100
